-5.147569008819452173e-04 -9.033353889040879802e-04
-1.029513801763890435e-03 2.933292221918234761e-04
5.557292973541636764e-04 -6.100061667122648294e-04
4.097239647221878438e-05 5.866584443836469522e-04
-4.737845044097258908e-04 -3.166769445204409197e-04
-9.885414052916725175e-04 8.799876665754699945e-04
5.967016938263824608e-04 -2.334772232861787727e-05
8.194479294443778560e-05 -9.266831112327057491e-04
-4.328121079375069980e-04 2.699814998632060325e-04
-9.475690088194517816e-04 -6.333538890408818393e-04
